400
-50 -46 40 -41
-50 -42 40 -37
-50 -38 40 -33
-50 -34 40 -29
-50 -30 40 -25
-50 -26 40 -21
-50 -22 40 -17
-50 -18 40 -13
-50 -14 40 -9
-50 -10 40 -5
-50 -6 40 -1
-50 -2 40 3
-50 2 40 7
-50 6 40 11
-50 10 40 15
-50 14 40 19
-50 18 40 23
-50 22 40 27
-50 26 40 31
-50 30 40 35
-46 -50 -41 40
-42 -50 -37 40
-38 -50 -33 40
-34 -50 -29 40
-30 -50 -25 40
-26 -50 -21 40
-22 -50 -17 40
-18 -50 -13 40
-14 -50 -9 40
-10 -50 -5 40
-6 -50 -1 40
-2 -50 3 40
2 -50 7 40
6 -50 11 40
10 -50 15 40
14 -50 19 40
18 -50 23 40
22 -50 27 40
26 -50 31 40
30 -50 35 40
