1
50 0 -50 -0
49.9695 1.74497 -49.9695 -1.74497
49.8782 3.48782 -49.8782 -3.48782
49.7261 5.22642 -49.7261 -5.22642
49.5134 6.95866 -49.5134 -6.95866
49.2404 8.68241 -49.2404 -8.68241
48.9074 10.3956 -48.9074 -10.3956
48.5148 12.0961 -48.5148 -12.0961
48.0631 13.7819 -48.0631 -13.7819
47.5528 15.4508 -47.5528 -15.4508
46.9846 17.101 -46.9846 -17.101
46.3592 18.7303 -46.3592 -18.7303
45.6773 20.3368 -45.6773 -20.3368
44.9397 21.9186 -44.9397 -21.9186
44.1474 23.4736 -44.1474 -23.4736
43.3013 25 -43.3013 -25
42.4024 26.496 -42.4024 -26.496
41.4519 27.9596 -41.4519 -27.9596
40.4508 29.3893 -40.4508 -29.3893
39.4005 30.7831 -39.4005 -30.7831
38.3022 32.1394 -38.3022 -32.1394
37.1572 33.4565 -37.1572 -33.4565
35.967 34.7329 -35.967 -34.7329
34.7329 35.967 -34.7329 -35.967
33.4565 37.1572 -33.4565 -37.1572
32.1394 38.3022 -32.1394 -38.3022
30.7831 39.4005 -30.7831 -39.4005
29.3893 40.4508 -29.3893 -40.4508
27.9596 41.4519 -27.9596 -41.4519
26.496 42.4024 -26.496 -42.4024
25 43.3013 -25 -43.3013
23.4736 44.1474 -23.4736 -44.1474
21.9186 44.9397 -21.9186 -44.9397
20.3368 45.6773 -20.3368 -45.6773
18.7303 46.3592 -18.7303 -46.3592
17.101 46.9846 -17.101 -46.9846
15.4508 47.5528 -15.4508 -47.5528
13.7819 48.0631 -13.7819 -48.0631
12.0961 48.5148 -12.0961 -48.5148
10.3956 48.9074 -10.3956 -48.9074
8.68241 49.2404 -8.68241 -49.2404
6.95866 49.5134 -6.95866 -49.5134
5.22642 49.7261 -5.22642 -49.7261
3.48782 49.8782 -3.48782 -49.8782
1.74497 49.9695 -1.74497 -49.9695
3.06152e-015 50 -3.06152e-015 -50
-1.74497 49.9695 1.74497 -49.9695
-3.48782 49.8782 3.48782 -49.8782
-5.22642 49.7261 5.22642 -49.7261
-6.95866 49.5134 6.95866 -49.5134
-8.68241 49.2404 8.68241 -49.2404
-10.3956 48.9074 10.3956 -48.9074
-12.0961 48.5148 12.0961 -48.5148
-13.7819 48.0631 13.7819 -48.0631
-15.4508 47.5528 15.4508 -47.5528
-17.101 46.9846 17.101 -46.9846
-18.7303 46.3592 18.7303 -46.3592
-20.3368 45.6773 20.3368 -45.6773
-21.9186 44.9397 21.9186 -44.9397
-23.4736 44.1474 23.4736 -44.1474
-25 43.3013 25 -43.3013
-26.496 42.4024 26.496 -42.4024
-27.9596 41.4519 27.9596 -41.4519
-29.3893 40.4508 29.3893 -40.4508
-30.7831 39.4005 30.7831 -39.4005
-32.1394 38.3022 32.1394 -38.3022
-33.4565 37.1572 33.4565 -37.1572
-34.7329 35.967 34.7329 -35.967
-35.967 34.7329 35.967 -34.7329
-37.1572 33.4565 37.1572 -33.4565
-38.3022 32.1394 38.3022 -32.1394
-39.4005 30.7831 39.4005 -30.7831
-40.4508 29.3893 40.4508 -29.3893
-41.4519 27.9596 41.4519 -27.9596
-42.4024 26.496 42.4024 -26.496
-43.3013 25 43.3013 -25
-44.1474 23.4736 44.1474 -23.4736
-44.9397 21.9186 44.9397 -21.9186
-45.6773 20.3368 45.6773 -20.3368
-46.3592 18.7303 46.3592 -18.7303
-46.9846 17.101 46.9846 -17.101
-47.5528 15.4508 47.5528 -15.4508
-48.0631 13.7819 48.0631 -13.7819
-48.5148 12.0961 48.5148 -12.0961
-48.9074 10.3956 48.9074 -10.3956
-49.2404 8.68241 49.2404 -8.68241
-49.5134 6.95866 49.5134 -6.95866
-49.7261 5.22642 49.7261 -5.22642
-49.8782 3.48782 49.8782 -3.48782
-49.9695 1.74497 49.9695 -1.74497
